# Locations: 10
   0  386  367  241  146  612  652  524  751  488
 386    0  471  145  510  709  269  475  525  814
 367  471    0  532  342  394  450  366  268  224
 241  145  532    0  853  230  375  573  317  880
 146  510  342  853    0  620  785  174  644  464
 612  709  394  230  620    0  628  540  811  757
 652  269  450  375  785  628    0  270  722  905
 524  475  366  573  174  540  270    0  373  673
 751  525  268  317  644  811  722  373    0  726
 488  814  224  880  464  757  905  673  726    0
# Flow:
   0  619  609    0  391    0    0  673  248    0
 619    0  607  447  439  588    0  449  202    0
 609  607    0  316  545    0  689  109  936  385
   0  447  316    0  676  392  359  480  570  478
 391  439  545  676    0  560  389  474  271  270
   0  588    0  392  560    0  789  643  542    0
   0    0  689  359  389  789    0  838  760  314
 673  449  109  480  474  643  838    0  561  316
 248  202  936  570  271  542  760  561    0    0
   0    0  385  478  270    0  314  316    0    0
