# Locations: 15
   0  924  938
   1  199  687
   2  613  995
   3  452  704
   4   13  561
   5  994  507
   6  291    4
   7  692  308
   8   27  881
   9  740  196
  10  390  703
  11  344  965
  12  521  153
  13   75  715
  14  540  576
# Flow:
   0  582  515  538  460  534  678  464  532  548  311  520  732  429  430
 582    0  333  586  884  577  427  442  304  531  494  712  520  201  546
 515  333    0  548  298  445  381  628  487  833  334  652  393  391  280
 538  586  548    0  732  639  358  705  906  455  630  641  769  676  417
 460  884  298  732    0  196  374  690  118  739  544  345  463  609  609
 534  577  445  639  196    0  544  697  292  757  777  294  827  226  561
 678  427  381  358  374  544    0  294  674  101  146  471  478  352  330
 464  442  628  705  690  697  294    0  929  849  469  675  812  435  721
 532  304  487  906  118  292  674  929    0  539  570  546  589  548  577
 548  531  833  455  739  757  101  849  539    0  496  645  164  648  616
 311  494  334  630  544  777  146  469  570  496    0  686  543  466  734
 520  712  652  641  345  294  471  675  546  645  686    0  503  346  436
 732  520  393  769  463  827  478  812  589  164  543  503    0  447  647
 429  201  391  676  609  226  352  435  548  648  466  346  447    0  413
 430  546  280  417  609  561  330  721  577  616  734  436  647  413    0
