# Locations: 12
   0  468  725  598  443  659  293  634  472  637  492  692
 468    0  598  382  871  233  578  930  477  697  559  368
 725  598    0  785  472  804  231  552  229  653  823  736
 598  382  785    0  661  522  758  451  682  519  322  831
 443  871  472  661    0  270  770  253  590  362  392  532
 659  233  804  522  270    0  461  490  597  622  239  130
 293  578  231  758  770  461    0   99  905  563  297  551
 634  930  552  451  253  490   99    0  551  805  337  541
 472  477  229  682  590  597  905  551    0  441  481  617
 637  697  653  519  362  622  563  805  441    0  973  766
 492  559  823  322  392  239  297  337  481  973    0  577
 692  368  736  831  532  130  551  541  617  766  577    0
# Flow:
   0  325    0  758  261  293    0  146  658  627  198  405
 325    0  839  677  700  485  772    0  480  601  675  943
   0  839    0    0  659    0    0    0  826  852  111   50
 758  677    0    0  549  448    0  122  260  690  582    0
 261  700  659  549    0  311  610  375  510  556   56  573
 293  485    0  448  311    0  202    0  335  201  653  487
   0  772    0    0  610  202    0  547  456  517  645  836
 146    0    0  122  375    0  547    0  213    0  634  375
 658  480  826  260  510  335  456  213    0  473  648  342
 627  601  852  690  556  201  517    0  473    0  810  345
 198  675  111  582   56  653  645  634  648  810    0  570
 405  943   50    0  573  487  836  375  342  345  570    0
